// Game: Quake
// Format: Standard
// entity 0
{
"classname" "worldspawn"
// brush 0
{
( -16 -128 -32 ) ( -16 -126 -32 ) ( -16 -128 -30 ) __TB_empty 0 0 0 2 2
( -128 -16 -32 ) ( -128 -16 -30 ) ( -126 -16 -32 ) __TB_empty 0 0 0 2 2
( -128 -128 -16 ) ( -126 -128 -16 ) ( -128 -126 -16 ) __TB_empty 0 0 0 2 2
( 128 128 16 ) ( 128 130 16 ) ( 130 128 16 ) __TB_empty 0 0 0 2 2
( 128 16 32 ) ( 130 16 32 ) ( 128 16 34 ) __TB_empty 0 0 0 2 2
( 16 128 32 ) ( 16 128 34 ) ( 16 130 32 ) __TB_empty 0 0 0 2 2
}
}
