// Game: Quake
// Format: Standard
// entity 0
{
"classname" "worldspawn"
// brush 0
{
( -8 -64 -16 ) ( -8 -63 -16 ) ( -8 -64 -15 ) __TB_empty 0 0 0 1 1
( -64 -8 -16 ) ( -64 -8 -15 ) ( -63 -8 -16 ) __TB_empty 0 0 0 1 1
( -64 -64 -8 ) ( -63 -64 -8 ) ( -64 -63 -8 ) __TB_empty 0 0 0 1 1
( 64 64 8 ) ( 64 65 8 ) ( 65 64 8 ) __TB_empty 0 0 0 1 1
( 64 8 16 ) ( 65 8 16 ) ( 64 8 17 ) __TB_empty 0 0 0 1 1
( 8 64 16 ) ( 8 64 17 ) ( 8 65 16 ) __TB_empty 0 0 0 1 1
}
}
